1.22816
1.22816
1.22814
1.22813
1.22812
1.22812
1.22812
1.22811
1.22811
1.22814
1.22814
1.22814
1.22814
1.22814
1.22814
1.22813
1.22813
1.22813
1.22813
1.22813
1.22812
1.22811
1.22808
1.22808
1.22808
1.22809
1.22811
1.22811
1.22811
1.22811
1.22811
1.22811
1.22811
1.22811
1.22811
1.22811
1.22811
1.22811
1.22811
1.22811
1.22811
1.22811
1.22813
1.22813
1.22811
1.22811
1.22811
1.22811
1.22811
1.22811
1.22811
1.22811
1.22811
1.22811
1.22811
1.22811
1.22811
1.22811
1.22811
1.22811
1.22811
1.22811
1.22811
1.22813
1.22811
1.22813
1.22812
1.22812
1.22811
1.22811
1.22811
1.22811
1.22811
1.22811
1.22811
1.22813
1.22811
1.22813
1.22813
1.22813
1.22813
1.22813
1.22811
1.22811
1.22811
1.22809
1.22812
1.22812
1.22811
1.2281
1.22811
1.22812
1.22813
1.22812
1.22812
1.22812
1.22812
1.22812
1.22812
1.22812
1.22812
1.2281
1.22812
1.22812
1.22812
1.22812
1.22812
1.22812
1.2281
1.2281
1.22812
1.22811
1.22812
1.22812
1.22811
1.22812
1.22812
1.2281
1.2281
1.2281
1.22812
1.22812
1.22812
1.22814
1.2281
1.2281
1.22812
1.22813
1.22811
1.2281
1.22812
1.22812
1.22812
1.22812
1.22814
1.22817
1.22817
1.22817
1.22817
1.22817
1.22817
1.22817
1.22817
1.22818
1.22817
1.22817
1.22817
1.22817
1.22817
1.22817
1.22816
1.22817
1.22817
1.22817
1.22817
1.22817
1.22817
1.22817
1.22817
1.22817
1.22817
1.22817
1.22817
1.22816
1.22816
1.22816
1.22816
1.22816
1.22816
1.22816
1.22816
1.22816
1.22816
1.22816
1.22816
1.22816
1.22816
1.22816
1.22816
1.22816
1.22816
1.22816
1.22816
1.22816
1.22816
1.22816
1.22816
1.22816
1.22816
1.22816
1.22816
1.22816
1.22816
1.22816
1.22816
1.22816
1.22818
1.22816
1.22816
1.22816
1.22818
1.22818
1.22818
1.22817
1.22817
1.22818
1.22818
1.22818
1.22818
1.22817
1.22817
1.22816
1.22815
1.22818
1.22818
1.22817
1.22816
1.22816
1.22818
1.22816
1.22816
1.22816
1.22816
1.22815
1.22817
1.22817
1.22817
1.22815
1.22817
1.22817
1.22816
1.22817
1.22816
1.22816
1.22816
1.22815
1.22817
1.22817
1.22818
1.22817
1.22817
1.22817
1.22817
1.22815
1.22817
1.22817
1.22817
1.22815
1.22816
1.22816
1.22817
1.22815
1.22817
1.22817
1.22817
1.22816
1.22816
1.22817
1.22817
1.22817
1.22818
1.22817
1.22818
1.22818
1.22818
1.22817
1.22817
1.22818
1.22818
1.22817
1.22818
1.22817
1.22817
1.22818
1.22818
1.22817
1.22817
1.22817
1.22818
1.22818
1.22817
1.22815
1.22816
1.22816
1.22816
1.22817
1.22816
1.22815
1.22815
1.22817
1.22816
1.22817
1.22815
1.22815
1.22817
1.22817
1.22818
1.22817
1.22817
1.22818
0.2968676951846657
