0
2.6
4.4
6.2
6.2
5.2
14
14
13
21.8
21.8
24.400000000000002
24.400000000000002
27.000000000000004
28.800000000000004
28.800000000000004
27.800000000000004
25.800000000000004
19.800000000000004
22.400000000000006
24.200000000000006
26.000000000000007
26.000000000000007
25.000000000000007
23.000000000000007
17.000000000000007
16.000000000000007
14.000000000000007
8.000000000000007
7.000000000000007
15.800000000000008
17.60000000000001
17.60000000000001
16.60000000000001
14.600000000000009
10.40000000000001
10.40000000000001
9.40000000000001
18.20000000000001
20.00000000000001
21.80000000000001
23.600000000000012
23.600000000000012
22.600000000000012
31.400000000000013
33.20000000000001
33.20000000000001
32.20000000000001
41.000000000000014
41.000000000000014
43.600000000000016
43.600000000000016
42.600000000000016
40.600000000000016
36.40000000000001
4 2.6
5 7.800000000000001
2 -7.2
1 -6.4
1 -10.2
18.400000000000002
36.40000000000001
