1.22984 1.22984 true 0
1.2294 1.2294 true 0
1.22973 1.22973 true 0
1.22979 1.22979 true 0
1.22999 1.22999 true 0
1.23022 1.23022 true 0
1.22994 1.22994 true 0
1.22954 1.22954 true 0
1.22955 1.22955 true 0
1.22937 1.22937 true 0
1.22911 1.22911 true 0
1.22925 1.22925 true 0
1.2296 1.2296 true 0
1.22959 1.22959 true 0
1.22972 1.22972 true 0
1.22959 1.22959 true 0
1.22947 1.22949 false -0.00001999999999990898
1.22926 1.22926 true 0
1.22901 1.229 false 0.000009999999999843467
1.22869 1.22866 false 0.00002999999999997449
1.22853 1.22853 true 0
1.22833 1.22833 true 0
1.22879 1.22879 true 0
1.22866 1.22866 true 0
1.22832 1.22832 true 0
1.2283 1.2283 true 0
1.22822 1.22822 true 0
1.22838 1.22838 true 0
1.22749 1.22749 true 0
1.22783 1.22783 true 0
1.22793 1.22793 true 0
1.228 1.22808 false -0.00008000000000008001
1.22818 1.22818 true 0
1.2283 1.2283 true 0
1.22835 1.22835 true 0
1.22825 1.22825 true 0
1.22809 1.22809 true 0
1.22778 1.22778 true 0
1.22778 1.22778 true 0
1.22798 1.22798 true 0
1.22754 1.22754 true 0
1.22796 1.22796 true 0
1.22829 1.22829 true 0
1.22808 1.22806 false 0.000020000000000131024
1.22788 1.22788 true 0
1.22774 1.22774 true 0
1.22787 1.22787 true 0
1.22788 1.22788 true 0
1.2279 1.2279 true 0
1.22785 1.22785 true 0
1.22874 1.22874 true 0
1.22889 1.22889 true 0
1.22865 1.22865 true 0
1.22879 1.22879 true 0
1.2287 1.2287 true 0
1.22854 1.22854 true 0
1.22873 1.22873 true 0
1.22868 1.22869 false -0.000010000000000065512
1.22884 1.22884 true 0
1.22859 1.22859 true 0
1.22847 1.22847 true 0
1.22839 1.22839 true 0
1.22821 1.22821 true 0
1.2279 1.2279 true 0
1.22805 1.22805 true 0
1.22781 1.22781 true 0
1.22796 1.22796 true 0
1.22817 1.22817 true 0
1.22791 1.22791 true 0
1.22787 1.22787 true 0
1.228 1.228 true 0
1.22777 1.22777 true 0
1.22793 1.22793 true 0
1.22788 1.22788 true 0
1.22777 1.22777 true 0
1.22797 1.22797 true 0
1.22802 1.22802 true 0
1.22823 1.22823 true 0
1.22793 1.22793 true 0
1.22807 1.22807 true 0
1.22813 1.22813 true 0
1.22842 1.22842 true 0
1.22871 1.22872 false -0.000010000000000065512
1.22848 1.22848 true 0
1.22831 1.22831 true 0
1.22817 1.22817 true 0
1.22817 1.22817 true 0
1.22791 1.22791 true 0
1.22788 1.22788 true 0
1.22786 1.22786 true 0
1.22785 1.22786 false -0.000009999999999843467
1.2276 1.22762 false -0.00001999999999990898
1.22761 1.22761 true 0
1.22757 1.22757 true 0
1.22783 1.22783 true 0
1.22758 1.22758 true 0
1.22785 1.22785 true 0
1.22771 1.22771 true 0
1.22765 1.22765 true 0
1.22718 1.22718 true 0
1.22749 1.22749 true 0
1.22674 1.22674 true 0
