1.23297 1.23297 true 0
1.23281 1.23281 true 0
1.23288 1.23288 true 0
1.23306 1.23306 true 0
1.23291 1.23291 true 0
1.23306 1.23306 true 0
1.23316 1.23316 true 0
1.23322 1.23322 true 0
1.233 1.233 true 0
1.23309 1.23309 true 0
1.23316 1.23316 true 0
1.23314 1.23314 true 0
1.23307 1.23307 true 0
1.23286 1.23286 true 0
1.23279 1.23279 true 0
1.23288 1.23288 true 0
1.23272 1.23272 true 0
1.23273 1.23273 true 0
1.22903 1.22903 true 0
1.22917 1.22917 true 0
1.22916 1.22916 true 0
1.22892 1.22892 true 0
1.22909 1.22909 true 0
1.22904 1.22904 true 0
1.22931 1.22931 true 0
1.22958 1.22958 true 0
1.22987 1.22987 true 0
1.23034 1.23034 true 0
1.23034 1.23034 true 0
1.23053 1.23053 true 0
1.2304 1.2304 true 0
1.23026 1.23026 true 0
1.23041 1.23041 true 0
1.23031 1.23031 true 0
1.2301 1.23005 false 0.00004999999999988347
1.23025 1.23025 true 0
1.23044 1.23044 true 0
1.23013 1.23012 false 0.000009999999999843467
1.23007 1.23007 true 0
1.23001 1.23001 true 0
1.23018 1.23018 true 0
1.23006 1.23006 true 0
1.22993 1.22993 true 0
1.23023 1.23023 true 0
1.23042 1.23042 true 0
1.2302 1.2302 true 0
1.23027 1.23027 true 0
1.23014 1.23014 true 0
1.23011 1.23011 true 0
1.22928 1.22928 true 0
1.22969 1.22969 true 0
1.22973 1.22973 true 0
1.22995 1.22995 true 0
1.23 1.23 true 0
1.23023 1.23023 true 0
1.23006 1.23006 true 0
1.23007 1.23007 true 0
1.23033 1.23033 true 0
1.23068 1.23068 true 0
1.23075 1.23075 true 0
1.23033 1.23033 true 0
1.23001 1.23001 true 0
1.22981 1.22981 true 0
1.23008 1.23008 true 0
1.23026 1.23026 true 0
1.23052 1.23052 true 0
1.23043 1.23046 false -0.000030000000000196536
1.23052 1.23053 false -0.000009999999999843467
1.23062 1.23062 true 0
1.23055 1.23055 true 0
1.23083 1.23083 true 0
1.23104 1.23104 true 0
1.23065 1.23065 true 0
1.23092 1.23092 true 0
1.23082 1.23082 true 0
1.23086 1.23086 true 0
1.23066 1.23066 true 0
1.23076 1.23076 true 0
1.23063 1.23061 false 0.00001999999999990898
1.23053 1.23053 true 0
1.23056 1.23056 true 0
1.23073 1.23073 true 0
1.23083 1.23083 true 0
1.23096 1.23096 true 0
1.23098 1.23098 true 0
1.23093 1.23093 true 0
1.23061 1.23061 true 0
1.23047 1.23047 true 0
1.23061 1.23061 true 0
1.23079 1.23079 true 0
1.23088 1.23088 true 0
1.23058 1.23058 true 0
1.23102 1.23102 true 0
1.23134 1.23134 true 0
1.23106 1.23106 true 0
1.23145 1.23147 false -0.000020000000000131024
1.23178 1.23178 true 0
1.23151 1.23151 true 0
1.23181 1.23181 true 0
1.23198 1.23198 true 0
1.23237 1.23237 true 0
1.23256 1.23258 false -0.00001999999999990898
1.23291 1.23291 true 0
1.23329 1.23329 true 0
1.23313 1.23313 true 0
1.23261 1.23261 true 0
1.23288 1.23288 true 0
1.23288 1.23288 true 0
1.23255 1.23252 false 0.00002999999999997449
1.23261 1.23261 true 0
1.23225 1.23225 true 0
1.23198 1.23198 true 0
1.23258 1.23258 true 0
1.233 1.233 true 0
1.23277 1.23277 true 0
1.23254 1.23254 true 0
1.23225 1.23225 true 0
1.2318 1.2318 true 0
1.23187 1.23187 true 0
1.23153 1.23153 true 0
1.23117 1.23117 true 0
1.23069 1.23069 true 0
1.23083 1.23083 true 0
1.23097 1.23097 true 0
1.23061 1.23061 true 0
1.23085 1.23085 true 0
1.2312 1.2312 true 0
1.2313 1.2313 true 0
1.23143 1.23143 true 0
1.23123 1.23123 true 0
1.23139 1.23139 true 0
1.2313 1.2313 true 0
1.23088 1.23088 true 0
1.22993 1.22993 true 0
1.22939 1.22939 true 0
1.229 1.229 true 0
1.22907 1.22907 true 0
1.22905 1.22905 true 0
1.22942 1.22942 true 0
1.22968 1.22968 true 0
1.23021 1.23021 true 0
1.23026 1.23026 true 0
1.23048 1.23048 true 0
1.23015 1.23015 true 0
1.23031 1.23031 true 0
1.23058 1.23058 true 0
1.23074 1.23074 true 0
1.23095 1.23095 true 0
1.2314 1.2314 true 0
1.23069 1.23067 false 0.000020000000000131024
1.2304 1.23039 false 0.000009999999999843467
1.22956 1.22955 false 0.000010000000000065512
1.2295 1.2295 true 0
1.22977 1.22977 true 0
1.22903 1.22903 true 0
1.22631 1.22631 true 0
1.22667 1.22667 true 0
1.22595 1.22591 false 0.000040000000000040004
1.22624 1.22624 true 0
1.22659 1.22659 true 0
1.22593 1.22593 true 0
1.22635 1.22635 true 0
1.22568 1.22568 true 0
1.22581 1.22581 true 0
1.22605 1.22605 true 0
1.22646 1.22646 true 0
1.22637 1.22637 true 0
1.22671 1.22671 true 0
1.22711 1.22715 false -0.000040000000000040004
1.22673 1.22673 true 0
1.22709 1.22709 true 0
1.22667 1.22667 true 0
1.22614 1.22614 true 0
1.22608 1.22608 true 0
1.22614 1.22614 true 0
1.22635 1.22635 true 0
1.22593 1.22593 true 0
1.22621 1.22619 false 0.000020000000000131024
1.22683 1.22683 true 0
1.22628 1.22628 true 0
1.22644 1.22644 true 0
1.2267 1.2267 true 0
1.22654 1.22654 true 0
1.22681 1.22681 true 0
1.22664 1.22664 true 0
1.22672 1.22672 true 0
1.2271 1.2271 true 0
1.22726 1.22726 true 0
1.22693 1.22693 true 0
1.22666 1.22666 true 0
1.22659 1.22659 true 0
1.22626 1.22626 true 0
1.22647 1.22647 true 0
1.22678 1.22678 true 0
1.22682 1.22682 true 0
1.22681 1.22681 true 0
1.22693 1.22693 true 0
1.22708 1.22708 true 0
1.22696 1.22696 true 0
1.22642 1.22642 true 0
1.22639 1.22639 true 0
1.22642 1.22642 true 0
1.22642 1.22642 true 0
1.22679 1.22679 true 0
1.22688 1.22688 true 0
1.22705 1.22705 true 0
1.22694 1.22694 true 0
1.22712 1.22712 true 0
1.22692 1.22692 true 0
1.2271 1.2271 true 0
1.22682 1.22682 true 0
1.2269 1.2269 true 0
1.22782 1.22782 true 0
1.2275 1.2275 true 0
1.22751 1.22751 true 0
1.22763 1.22763 true 0
1.22737 1.22737 true 0
1.22749 1.22749 true 0
1.22785 1.22785 true 0
1.22763 1.22763 true 0
1.22764 1.22764 true 0
1.22761 1.22761 true 0
1.22765 1.22765 true 0
1.22757 1.22757 true 0
1.22764 1.22764 true 0
1.22764 1.22764 true 0
1.2278 1.2278 true 0
1.2279 1.2279 true 0
1.22844 1.22849 false -0.000050000000000105516
1.22859 1.22859 true 0
1.2281 1.22807 false 0.00002999999999997449
1.22798 1.22798 true 0
1.22812 1.22812 true 0
1.22804 1.22804 true 0
1.22818 1.22818 true 0
1.22813 1.22813 true 0
1.22793 1.22793 true 0
1.22777 1.22777 true 0
1.22778 1.22778 true 0
1.22804 1.22804 true 0
1.22826 1.22826 true 0
1.22814 1.22814 true 0
1.22819 1.22819 true 0
1.22816 1.22816 true 0
1.22816 1.22816 true 0
1.22832 1.22832 true 0
1.22818 1.22818 true 0
1.22829 1.22829 true 0
1.22834 1.22834 true 0
1.22818 1.22818 true 0
1.22785 1.22785 true 0
1.22772 1.22772 true 0
1.2281 1.2281 true 0
1.22787 1.22787 true 0
1.22741 1.22741 true 0
1.2275 1.2275 true 0
1.22764 1.22764 true 0
1.22768 1.22768 true 0
1.2278 1.2278 true 0
1.22732 1.22732 true 0
1.22692 1.22692 true 0
1.22706 1.22706 true 0
1.22685 1.22685 true 0
1.22695 1.22695 true 0
1.22713 1.22713 true 0
1.22705 1.22705 true 0
1.22724 1.22724 true 0
1.227 1.227 true 0
1.22661 1.22661 true 0
1.22689 1.22689 true 0
1.22587 1.22588 false -0.000010000000000065512
1.2264 1.2264 true 0
1.22694 1.22694 true 0
1.22773 1.22773 true 0
1.22755 1.22755 true 0
1.22863 1.22863 true 0
1.22904 1.22904 true 0
1.23118 1.23119 false -0.000010000000000065512
1.23054 1.23046 false 0.00007999999999985796
1.23033 1.23033 true 0
1.23001 1.22996 false 0.000050000000000105516
1.22977 1.22977 true 0
1.22968 1.22969 false -0.000009999999999843467
1.22943 1.22943 true 0
1.22917 1.22917 true 0
1.22936 1.22936 true 0
1.22909 1.22909 true 0
1.2294 1.2294 true 0
1.22951 1.22951 true 0
1.22918 1.22918 true 0
1.22893 1.22893 true 0
1.22911 1.22911 true 0
1.22893 1.22893 true 0
1.22808 1.22808 true 0
1.2277 1.2277 true 0
1.22816 1.22816 true 0
1.22812 1.22812 true 0
1.22843 1.22843 true 0
1.22823 1.22823 true 0
1.22838 1.22838 true 0
1.22787 1.22786 false 0.000010000000000065512
1.22797 1.22797 true 0
1.22827 1.22827 true 0
1.22877 1.22878 false -0.000010000000000065512
1.22879 1.22879 true 0
