1.24129 1.2413 false -0.000010000000000065512
1.24098 1.24098 true 0
1.24105 1.24106 false -0.000010000000000065512
1.24072 1.24073 false -0.000010000000000065512
1.24018 1.24018 true 0
1.24024 1.24024 true 0
1.23958 1.23958 true 0
1.2401 1.2401 true 0
1.24014 1.24014 true 0
1.23932 1.23932 true 0
1.23967 1.23969 false -0.00001999999999990898
1.24032 1.24032 true 0
1.24025 1.24025 true 0
1.24043 1.24043 true 0
1.24001 1.24001 true 0
1.24052 1.24051 false 0.000010000000000065512
1.24053 1.24053 true 0
1.24023 1.24023 true 0
1.24056 1.24054 false 0.000020000000000131024
1.24056 1.24054 false 0.000020000000000131024
