1.24112 1.24115 false -0.00002999999999997449
1.24111 1.24105 false 0.00005999999999994898
1.2412 1.24117 false 0.00002999999999997449
1.24135 1.24134 false 0.000009999999999843467
1.24015 1.24015 true 0
1.24021 1.24018 false 0.00002999999999997449
1.24015 1.24015 true 0
1.24015 1.24019 false -0.00003999999999981796
1.24032 1.24032 true 0
1.24033 1.24033 true 0
1.24027 1.24027 true 0
1.24088 1.24088 true 0
1.24098 1.24097 false 0.000010000000000065512
1.24086 1.24086 true 0
1.2411 1.24112 false -0.00001999999999990898
1.24115 1.2412 false -0.000050000000000105516
1.24129 1.24127 false 0.00001999999999990898
1.24112 1.24112 true 0
1.24132 1.24132 true 0
1.24122 1.24121 false 0.000010000000000065512
1.24143 1.24143 true 0
1.24127 1.24129 false -0.00001999999999990898
1.24144 1.24144 true 0
1.24145 1.24143 false 0.00001999999999990898
1.2412 1.2412 true 0
1.24116 1.24116 true 0
1.24141 1.24141 true 0
1.24096 1.24096 true 0
1.24088 1.24088 true 0
1.24081 1.24081 true 0
1.24052 1.24052 true 0
1.24048 1.24047 false 0.000010000000000065512
1.24036 1.24036 true 0
1.24048 1.24048 true 0
1.24064 1.24062 false 0.00001999999999990898
1.24078 1.24078 true 0
1.24072 1.24072 true 0
1.24071 1.24071 true 0
1.23871 1.23867 false 0.000040000000000040004
1.23912 1.23913 false -0.000010000000000065512
1.23963 1.23958 false 0.000050000000000105516
1.23967 1.23963 false 0.000040000000000040004
