1.22393 1.22393 true 0
1.22384 1.22384 true 0
1.2236 1.2236 true 0
1.22339 1.22339 true 0
1.2252 1.2252 true 0
1.22493 1.22493 true 0
1.22496 1.22496 true 0
1.22515 1.22515 true 0
1.22588 1.22587 false 0.000010000000000065512
1.22561 1.22561 true 0
1.22527 1.22527 true 0
1.22439 1.22438 false 0.000010000000000065512
1.22427 1.22427 true 0
1.22359 1.22359 true 0
1.22404 1.22404 true 0
1.22369 1.22369 true 0
1.22323 1.22323 true 0
1.22284 1.22284 true 0
1.22361 1.22361 true 0
1.22307 1.22307 true 0
1.22314 1.22314 true 0
1.22293 1.22291 false 0.000020000000000131024
1.22266 1.22266 true 0
1.22249 1.22249 true 0
1.22226 1.22226 true 0
1.22323 1.22323 true 0
1.22405 1.22405 true 0
1.2242 1.22422 false -0.000020000000000131024
1.22387 1.22387 true 0
1.22353 1.22354 false -0.000010000000000065512
1.22396 1.22396 true 0
1.22317 1.22317 true 0
1.22396 1.22396 true 0
1.22398 1.22398 true 0
1.22415 1.22415 true 0
1.2268 1.2268 true 0
1.22668 1.22668 true 0
1.22706 1.22706 true 0
1.22782 1.22785 false -0.000030000000000196536
1.22683 1.22683 true 0
1.22708 1.22708 true 0
1.22739 1.22739 true 0
1.22879 1.22879 true 0
1.22873 1.22873 true 0
1.22842 1.22842 true 0
1.22802 1.22802 true 0
1.22857 1.22858 false -0.000010000000000065512
